v3.0 hex words addressed
00: 00000 00800 00400 00200 00100 00080 00040 00020
08: 00010 21001 22002 23003 24004 25005 26006 00007
10: 00000 00000 00000 00000 00000 00000 00000 00000 
18: 00000 00000 00000 00000 00000 00000 00000 00000
20: 00000 31117 32227 33337 34447 35557 36667 00000
28: 00000 00000 00000 00000 00000 00000 00000 00000
30: 00000 41117 42227 43337 44447 45557 46667 00000
38: 00000 00000 00000 00000 00000 00000 00000 00000
40: 00000 51117 52227 53337 54447 55557 56667 00000
48: 00000 00000 00000 00000 00000 00000 00000 00000
50: 00000 00117 00227 00337 00447 00557 00667 00000
58: 00000 00000 00000 00000 00000 00000 00000 00000
60: 00000 00000 00000 00000 00000 00000 00000 00000
68: 00000 00000 00000 00000 00000 00000 00000 00000
70: 00000 00000 00000 00000 00000 00000 00000 00000
78: 00000 00000 00000 00000 00000 00000 00000 00000
80: 00000 00000 00000 00000 00000 00000 00000 00000
88: 00000 00000 00000 00000 00000 00000 00000 00000
90: 00000 00000 00000 00000 00000 00000 00000 00000
98: 00000 00000 00000 00000 00000 00000 00000 00000
a0: 00000 00000 00000 00000 00000 00000 00000 00000
a8: 00000 00000 00000 00000 00000 00000 00000 00000
b0: 00000 00000 00000 00000 00000 00000 00000 00000
b8: 00000 00000 00000 00000 00000 00000 00000 00000
c0: 00000 00000 00000 00000 00000 00000 00000 00000
c8: 00000 00000 00000 00000 00000 00000 00000 00000
d0: 00000 00000 00000 00000 00000 00000 00000 00000
d8: 00000 00000 00000 00000 00000 00000 00000 00000
e0: 00000 00000 00000 00000 00000 00000 00000 00000
e8: 00000 00000 00000 00000 00000 00000 00000 00000
f0: 00000 00000 00000 00000 00000 00000 00000 00000
f8: 00000 00000 00000 00000 00000 00000 00000 00000
